0 0.8133802816901409 0.47777083333333337 0.11346244131455399 0.39166666666666666
0 0.721830985915493 0.4895833333333333 0.10093896713615023 0.3652708333333334
0 0.704225352112676 0.46318750000000003 0.08606807511737088 0.37916666666666665
0 0.6146361502347417 0.49652083333333336 0.10407276995305165 0.3875
0 0.5246478873239436 0.5298541666666667 0.0946830985915493 0.3958333333333333
0 0.5301291079812207 0.41318750000000004 0.0946830985915493 0.3652708333333334
0 0.4565727699530516 0.4638958333333333 0.08998826291079813 0.35
0 0.4225352112676056 0.41318750000000004 0.06259389671361502 0.33193750000000005
0 0.3975 0.5326458333333333 0.10328638497652583 0.3625
0 0.37010563380281686 0.38402083333333337 0.06259389671361502 0.1375
0 0.29225352112676056 0.5229166666666667 0.09311032863849765 0.3958333333333333
0 0.20970657276995303 0.5604166666666667 0.09076291079812207 0.4013958333333333
0 0.2116549295774648 0.49652083333333336 0.08685446009389672 0.3958333333333333